date	price	vol_1	vol_2
2013-01-21	111.71	74581	46018
2013-01-22	112.42	207850	115936
2013-01-23	112.8	239710	132585
2013-01-24	113.28	211582	111998
2013-01-25	113.28	204354	132527
2013-01-28	113.48	172156	94269
2013-01-29	114.36	208914	118678
2013-01-30	114.9	200605	113805
2013-01-31	115.55	195486	102875
2013-02-01	116.76	245847	149660
2013-02-04	115.6	214963	146997
2013-02-05	116.52	227098	170078
2013-02-06	116.73	207777	160560
2013-02-07	117.24	242302	197615
2013-02-08	118.9	206475	187768
2013-02-11	118.13	141275	172561
2013-02-12	118.66	98003	208236
2013-02-13	118.72	27822	224610
2013-02-14	118	186862	106074
2013-02-15	117.66	216482	73906
2013-02-18	117.38	60363	24600
2013-02-19	117.52	134903	59267
2013-02-20	115.6	219241	75863
2013-02-21	113.53	248788	101588
2013-02-22	114.1	173497	62427
2013-02-25	114.44	190535	73898
2013-02-26	112.71	257230	103122
2013-02-27	111.87	220008	79738
2013-02-28	111.38	224447	126723
2013-03-01	110.4	251904	139023
2013-03-04	110.09	226779	160276
2013-03-05	111.61	233647	142661
2013-03-06	111.06	201766	147612
2013-03-07	111.15	213074	177974
2013-03-08	110.85	228947	233934
2013-03-11	110.22	164821	184980
2013-03-12	109.65	146001	199515
2013-03-13	108.52	106228	284032
2013-03-14	109.42	18266	232446
2013-03-15	109.82	186110	116615
2013-03-18	109.51	180934	98333
2013-03-19	107.45	226677	137486
2013-03-20	108.72	169060	94074
2013-03-21	107.47	190904	116536
2013-03-22	107.66	174361	121068
2013-03-25	108.17	199228	119924
2013-03-26	109.36	207409	165339
2013-03-27	109.69	217522	169997
2013-03-28	110.02	164972	116610
2013-04-01	111.08	102143	55544
2013-04-02	110.69	205635	152411
2013-04-03	107.11	304648	277458
2013-04-04	106.34	284409	211056
2013-04-05	104.12	273972	256806
2013-04-08	104.66	245683	247712
2013-04-09	106.23	173294	206182
2013-04-10	105.79	136064	168949
2013-04-11	104.27	116868	218736
2013-04-12	103.11	121488	341398
2013-04-15	100.39	23654	303352
2013-04-16	99.91	328741	146466
2013-04-17	97.69	292116	117863
2013-04-18	99.13	306939	138469
2013-04-19	99.65	175359	78000
2013-04-22	100.39	210037	91045
2013-04-23	100.31	242743	105225
2013-04-24	101.73	204010	92223
2013-04-25	103.41	280396	161597
2013-04-26	103.16	196481	85663
2013-04-29	103.81	200113	98894
2013-04-30	102.37	253918	147457
2013-05-01	99.95	267096	134730
2013-05-02	102.85	287671	162099
2013-05-03	104.19	257172	150411
2013-05-06	105.46	135080	66582
2013-05-07	104.4	264561	189151
2013-05-08	104.34	229321	203828
2013-05-09	104.47	197071	175646
2013-05-10	103.91	215453	192383
2013-05-13	102.82	173550	179331
2013-05-14	102.6	160028	225552
2013-05-15	103.68	106542	321412
2013-05-16	103.8	26354	257704
2013-05-17	104.64	193728	93400
2013-05-20	104.8	164956	70141
2013-05-21	103.91	179064	67425
2013-05-22	102.6	207418	75612
2013-05-23	102.44	230369	81284
2013-05-24	102.64	136626	63182
2013-05-27	102.62	21120	6717
2013-05-28	104.23	195121	63666
2013-05-29	102.43	209651	86954
2013-05-30	102.19	232908	94605
2013-05-31	100.39	215275	96610
2013-06-03	102.06	255705	123989
2013-06-04	103.24	300888	189862
2013-06-05	103.04	202946	124750
2013-06-06	103.61	173414	122676
2013-06-07	104.56	234177	158172
2013-06-10	103.95	159649	175508
2013-06-11	102.96	156138	236172
2013-06-12	103.49	94920	242410
2013-06-13	104.25	21310	216422
2013-06-14	105.93	197141	72676
2013-06-17	105.47	160180	67088
2013-06-18	106.02	150874	79784
2013-06-19	106.12	164861	100657
2013-06-20	102.15	301241	116975
2013-06-21	100.91	263371	99971
2013-06-24	101.16	254191	109411
2013-06-25	101.26	182087	76145
2013-06-26	101.66	195232	80767
2013-06-27	102.82	190611	82413
2013-06-28	102.16	230248	129877
2013-07-01	103	230919	119458
2013-07-02	104	186519	128348
2013-07-03	105.76	258388	175987
2013-07-04	105.54	81372	60271
2013-07-05	107.72	233336	192043
2013-07-08	107.43	185816	169716
2013-07-09	107.81	163664	166812
2013-07-10	108.51	199695	203845
2013-07-11	107.73	184692	216542
2013-07-12	108.81	127810	202005
2013-07-15	109.09	100858	218951
2013-07-16	109.4	19969	225785
2013-07-17	108.61	183572	76165
2013-07-18	108.7	196437	73789
2013-07-19	108.07	212190	90438
2013-07-22	108.15	198418	77803
2013-07-23	108.42	190199	95115
2013-07-24	107.19	197801	86945
2013-07-25	107.65	176110	85448
2013-07-26	107.17	119939	56349
2013-07-29	107.45	178933	96082
2013-07-30	106.91	159996	86000
2013-07-31	107.7	222565	123850
2013-08-01	109.54	234846	152788
2013-08-02	108.95	160760	97044
2013-08-05	108.7	168828	118882
2013-08-06	108.18	229163	151546
2013-08-07	107.44	208428	189762
2013-08-08	106.68	175726	172509
2013-08-09	108.22	148430	144684
2013-08-12	108.97	147830	181028
2013-08-13	109.82	112230	188952
2013-08-14	110.2	97927	214660
2013-08-15	111.11	19265	223858
2013-08-16	110.4	195846	121665
2013-08-19	109.9	188058	110820
2013-08-20	110.15	233190	106791
2013-08-21	109.81	195767	106964
2013-08-22	109.9	154987	77322
2013-08-23	111.04	219413	131848
2013-08-26	110.73	92717	42643
2013-08-27	114.36	288712	190309
2013-08-28	116.61	286088	167955
2013-08-29	115.16	248523	140236
2013-08-30	114.01	245056	145968
2013-09-02	114.33	90951	65126
2013-09-03	115.68	234727	169811
2013-09-04	114.91	209651	164276
2013-09-05	115.26	151292	137674
2013-09-06	116.12	168831	144083
2013-09-09	113.72	200571	225614
2013-09-10	111.25	176155	207461
2013-09-11	111.5	109342	198532
2013-09-12	112.63	93446	265135
2013-09-13	112.78	18637	199221
2013-09-16	110.07	249444	209067
2013-09-17	108.19	214348	190412
2013-09-18	110.6	200710	179413
2013-09-19	108.76	201584	162890
2013-09-20	109.22	160650	116074
2013-09-23	108.16	169117	133392
2013-09-24	108.64	197986	187725
2013-09-25	108.32	211604	201915
2013-09-26	109.21	143124	118547
2013-09-27	108.63	190335	148196
2013-09-30	108.37	149009	114134
2013-10-01	107.94	189649	175304
2013-10-02	109.19	177152	159076
2013-10-03	109	212254	158039
2013-10-04	109.46	144473	112165
2013-10-07	109.68	227729	208652
2013-10-08	110.16	163835	193805
2013-10-09	109.06	171121	209341
2013-10-10	111.8	212346	285561
2013-10-11	111.28	141347	222306
2013-10-14	111.04	106793	173253
2013-10-15	109.96	93751	223343
2013-10-16	110.86	15367	249804
2013-10-17	109.11	233726	93753
2013-10-18	109.94	181537	87243
2013-10-21	109.64	190114	95074
2013-10-22	109.97	238663	109117
2013-10-23	107.8	324607	155504
2013-10-24	106.99	242303	120248
2013-10-25	106.93	212279	120318
2013-10-28	109.61	266177	137487
2013-10-29	109.01	185007	109564
2013-10-30	109.86	234595	128160
2013-10-31	108.84	238843	149171
2013-11-01	105.91	298577	173009
2013-11-04	106.23	230571	137451
2013-11-05	105.33	186816	119109
2013-11-06	105.24	243836	186452
2013-11-07	103.46	291116	225426
2013-11-08	105.12	242695	227154
2013-11-11	106.4	172676	193469
2013-11-12	105.81	156686	247490
2013-11-13	107.12	113996	288270
2013-11-14	108.54	20846	308215
2013-11-15	108.5	198638	90095
2013-11-18	108.47	185490	69894
2013-11-19	106.92	224434	108804
2013-11-20	108.06	220188	95023
2013-11-21	110.08	253964	128602
2013-11-22	111.05	276245	98393
2013-11-25	111	278784	98813
2013-11-26	110.88	199747	86634
2013-11-27	111.31	193979	91242
2013-11-28	110.86	61684	32888
2013-11-29	109.69	126876	68648
2013-12-02	111.45	266950	131570
2013-12-03	112.62	217611	118960
2013-12-04	111.88	235282	123394
2013-12-05	110.98	191775	108350
2013-12-06	111.61	155520	103556
2013-12-09	109.39	202846	159865
2013-12-10	109.38	230617	192217
2013-12-11	109.7	158720	155122
2013-12-12	108.67	128305	168570
2013-12-13	108.83	98096	200667
2013-12-16	110.47	23611	209567
2013-12-17	108.44	149781	72945
2013-12-18	109.63	187960	87408
2013-12-19	110.29	159785	77397
2013-12-20	111.77	169479	82603
2013-12-23	111.56	103720	66203
2013-12-24	111.9	52160	27607
2013-12-26	111.98	43620	19039
2013-12-27	112.18	126905	62738
2013-12-30	111.21	111066	57671
2013-12-31	110.8	84991	40007
2014-01-02	107.78	200650	122655
2014-01-03	106.89	191130	124282
2014-01-06	106.73	181818	127605
2014-01-07	107.35	188198	154533
2014-01-08	107.15	185540	174765
2014-01-09	106.39	175373	180459
2014-01-10	107.25	198567	233482
2014-01-13	106.75	151798	213137
2014-01-14	106.39	111284	228651
2014-01-15	107.13	70775	245760
2014-01-16	107.09	14562	231428
2014-01-17	106.48	198417	111884
2014-01-20	106.35	103661	66648
2014-01-21	106.73	254312	161772
2014-01-22	108.27	184004	113181
2014-01-23	107.58	241803	188871
2014-01-24	107.88	244563	108858
2014-01-27	106.69	203299	107543
2014-01-28	107.41	188297	120424
2014-01-29	107.85	207314	112950
2014-01-30	107.95	188726	127259
2014-01-31	106.4	231456	139455
2014-02-03	106.04	264731	156543
2014-02-04	105.78	186442	110211
2014-02-05	106.25	193780	129262
2014-02-06	107.19	205076	143447
2014-02-07	109.57	215633	179980
2014-02-10	108.63	162655	168263
2014-02-11	108.68	137264	212206
2014-02-12	108.79	105889	249899
2014-02-13	108.73	18080	218962
2014-02-14	109.08	146752	73156
2014-02-17	109.18	56865	17303
2014-02-18	110.46	150349	58292
2014-02-19	110.47	163342	79393
2014-02-20	110.3	151209	59692
2014-02-21	109.85	154902	69029
2014-02-24	110.64	202524	131713
2014-02-25	109.51	198156	135226
2014-02-26	109.52	186710	127180
2014-02-27	108.96	192908	128580
2014-02-28	109.07	189555	103428
2014-03-03	111.2	291312	176070
2014-03-04	109.3	218495	126480
2014-03-05	107.76	220182	141229
2014-03-06	108.1	228722	155424
2014-03-07	109	172045	160055
2014-03-10	108.08	149339	144896
2014-03-11	108.55	146848	162825
2014-03-12	108.02	159230	245647
2014-03-13	107.39	86262	228723
2014-03-14	108.57	12882	221700
2014-03-17	106.24	166228	102873
2014-03-18	106.79	170581	106869
2014-03-19	105.85	188478	133388
2014-03-20	106.45	205209	133736
2014-03-21	106.92	167796	111342
2014-03-24	106.81	142787	84056
2014-03-25	106.99	167091	103758
2014-03-26	107.03	166383	122872
2014-03-27	107.83	184833	133198
2014-03-28	108.07	140346	89868
2014-03-31	107.76	145621	88660
2014-04-01	105.62	195027	143212
2014-04-02	104.79	271596	224763
2014-04-03	106.15	220535	189494
2014-04-04	106.72	184072	162734
2014-04-07	105.82	215202	198756
2014-04-08	107.67	193355	211635
2014-04-09	107.98	144718	181647
2014-04-10	107.46	124823	159110
2014-04-11	107.33	105397	185294
2014-04-14	109.07	95832	291139
2014-04-15	108.74	19545	234241
2014-04-16	109.6	229357	95408
2014-04-17	109.53	163987	64802
2014-04-21	109.95	71867	22772
2014-04-22	109.27	201105	66534
2014-04-23	109.11	181744	69987
2014-04-24	110.33	215429	77795
2014-04-25	109.58	216211	95062
2014-04-28	108.12	246467	131075
2014-04-29	108.98	206500	123253
2014-04-30	108.07	213559	97921
2014-05-01	107.76	186877	98246
2014-05-02	108.59	215151	128067
2014-05-05	107.72	139534	77954
2014-05-06	107.06	194542	131496
2014-05-07	108.13	217143	191634
2014-05-08	108.04	163879	158425
2014-05-09	107.89	179226	180914
2014-05-12	108.41	145648	169466
2014-05-13	109.24	130635	207629
2014-05-14	110.19	115257	258580
2014-05-15	110.44	20368	222800
2014-05-16	109.75	229928	160162
2014-05-19	109.37	171705	86689
2014-05-20	109.69	172785	78342
2014-05-21	110.55	219999	123214
2014-05-22	110.36	200094	124016
2014-05-23	110.54	143657	84901
2014-05-26	110.32	29309	9289
2014-05-27	110.02	173412	96458
2014-05-28	109.81	175307	106238
2014-05-29	109.97	174684	102708
2014-05-30	109.41	175046	96732
2014-06-02	108.83	194247	132259
2014-06-03	108.82	177672	144810
2014-06-04	108.4	211086	167922
2014-06-05	108.79	193325	156260
2014-06-06	108.61	155003	156157
2014-06-09	109.99	189210	199593
2014-06-10	109.52	214916	248636
2014-06-11	109.95	131570	203111
2014-06-12	113.02	133073	378468
2014-06-13	113.41	16054	292966
2014-06-16	112.94	175895	107216
2014-06-17	113.45	240515	130060
2014-06-18	114.26	240752	121612
2014-06-19	115.06	250241	111322
2014-06-20	114.81	198840	122484
2014-06-23	114.12	220720	166029
2014-06-24	114.46	230490	179787
2014-06-25	114	211906	126177
2014-06-26	113.21	180862	116592
2014-06-27	113.3	135705	75260
2014-06-30	112.36	221843	171010
2014-07-01	112.29	229188	203676
2014-07-02	111.24	269764	254536
2014-07-03	111	218983	230671
2014-07-04	110.64	71846	67482
2014-07-07	110.24	152507	147613
2014-07-08	108.94	232726	262380
2014-07-09	108.28	173181	220325
2014-07-10	108.67	152467	254102
2014-07-11	106.66	171039	356173
2014-07-14	106.98	99201	299036
2014-07-15	106.02	63860	385016
2014-07-16	105.85	11523	304944
2014-07-17	107.89	296510	153098
2014-07-18	107.24	210876	102764
2014-07-21	107.68	211696	121376
2014-07-22	107.33	183102	100727
2014-07-23	108.03	207150	112148
2014-07-24	107.07	179569	89079
2014-07-25	108.39	253169	119423
2014-07-28	107.57	139522	65357
2014-07-29	107.72	176638	92054
2014-07-30	106.51	218385	131502
2014-07-31	106.02	234552	139493
2014-08-01	104.84	216356	147257
2014-08-04	105.41	207792	150486
2014-08-05	104.61	209177	170633
2014-08-06	104.59	204924	206234
2014-08-07	105.44	189819	192414
2014-08-08	105.02	203740	200917
2014-08-11	104.68	143613	165902
2014-08-12	103.02	139912	277356
2014-08-13	104.28	99102	312682
2014-08-14	102.01	18568	301854
2014-08-15	103.53	199628	83681
2014-08-18	101.6	181098	93060
2014-08-19	101.56	177096	92995
2014-08-20	102.28	166194	78094
2014-08-21	102.63	179611	90574
2014-08-22	102.29	132505	65349
2014-08-25	102.65	82942	31552
2014-08-26	102.5	149825	78207
2014-08-27	102.72	146234	77071
2014-08-28	102.46	184780	94579
2014-08-29	103.19	169325	114759
2014-09-01	102.79	73330	49680
2014-09-02	100.34	243851	147038
2014-09-03	102.77	233643	135238
2014-09-04	101.83	218441	159671
2014-09-05	100.82	202144	155791
2014-09-08	100.2	197607	160665
2014-09-09	99.16	172503	167592
2014-09-10	98.04	203275	215317
2014-09-11	98.08	144789	231266
2014-09-12	97.11	103485	224474
2014-09-15	96.65	19954	193491
2014-09-16	99.05	199768	149896
2014-09-17	98.97	190165	155105
2014-09-18	97.7	193584	151057
2014-09-19	98.39	158385	108296
2014-09-22	96.97	171138	127359
2014-09-23	96.85	192360	168587
2014-09-24	96.95	216742	168367
2014-09-25	97	190331	140440
2014-09-26	97	165598	115928
2014-09-29	97.2	170225	130369
2014-09-30	94.67	261952	204075
2014-10-01	94.16	247985	204293
2014-10-02	93.42	285902	208983
2014-10-03	92.31	239603	196959
2014-10-06	92.79	203600	190251
2014-10-07	92.11	222631	250827
2014-10-08	91.38	207633	269128
2014-10-09	90.05	216473	295251
2014-10-10	90.21	197676	304318
2014-10-13	88.89	146533	279798
2014-10-14	85.04	141657	416860
2014-10-15	83.78	86478	434885
2014-10-16	84.47	14938	430684
2014-10-17	86.16	280473	90724
2014-10-20	85.4	247595	86369
2014-10-21	86.22	258394	117317
2014-10-22	84.71	264812	92321
2014-10-23	86.83	306978	121964
2014-10-24	86.13	208221	76163
2014-10-27	85.83	228430	90900
2014-10-28	86.03	198834	101634
2014-10-29	87.12	243747	111230
2014-10-30	86.24	191858	89460
2014-10-31	85.86	225365	111849
2014-11-03	84.78	248166	125254
2014-11-04	82.82	313674	168336
2014-11-05	82.95	364449	214232
2014-11-06	82.86	224783	150897
2014-11-07	83.39	195440	147143
2014-11-10	82.34	219905	191493
2014-11-11	81.67	213423	273890
2014-11-12	80.38	116121	269319
2014-11-13	77.92	21787	347461
2014-11-14	79.41	267611	109944
2014-11-17	79.31	189076	57761
2014-11-18	78.47	209549	75767
2014-11-19	78.1	247154	132315
2014-11-20	79.33	206376	95984
2014-11-21	80.36	264605	115535
2014-11-24	79.68	151150	67990
2014-11-25	78.33	256827	124186
2014-11-26	77.75	202194	81020
2014-11-27	72.58	244649	96023
2014-11-28	70.15	262029	113007
2014-12-01	72.54	369850	172821
2014-12-02	70.54	252522	115329
2014-12-03	69.92	244860	150041
2014-12-04	69.64	190550	117394
2014-12-05	69.07	196036	140997
2014-12-08	66.19	191666	137142
2014-12-09	66.84	190516	155821
2014-12-10	64.24	249642	200468
2014-12-11	63.68	185627	183542
2014-12-12	61.85	153892	216699
2014-12-15	61.06	107893	258141
2014-12-16	59.86	19698	351493
2014-12-17	61.18	304053	117592
2014-12-18	59.27	294885	113867
2014-12-19	61.38	222067	76264
2014-12-22	60.11	195794	93370
2014-12-23	61.69	159862	59619
2014-12-24	60.24	108671	36270
2014-12-26	59.45	48782	13431
2014-12-29	57.88	155113	62437
2014-12-30	57.9	154112	72392
2014-12-31	57.33	148140	67589
2015-01-02	56.42	177976	79883
2015-01-05	53.11	289889	189091
2015-01-06	51.1	338881	244287
2015-01-07	51.15	318275	250471
2015-01-08	50.96	243424	220316
2015-01-09	50.11	285716	300479
2015-01-12	47.43	223924	291126
2015-01-13	46.59	208057	400976
2015-01-14	48.69	122335	411296
2015-01-15	47.67	17933	448066
2015-01-16	50.17	293492	96580
2015-01-19	48.84	106771	38444
2015-01-20	47.99	259584	108801
2015-01-21	49.03	268649	116113
2015-01-22	48.52	321470	111570
2015-01-23	48.79	245343	109643
2015-01-26	48.16	241380	98376
2015-01-27	49.6	249568	107567
2015-01-28	48.47	275153	151159
2015-01-29	49.13	236631	133674
2015-01-30	52.99	335018	176657
2015-02-02	54.75	402067	211577
2015-02-03	57.91	414587	264242
2015-02-04	54.16	359736	224731
2015-02-05	56.57	338815	236907
2015-02-06	57.8	253313	190948
2015-02-09	58.34	213518	204354
2015-02-10	56.43	157173	231892
2015-02-11	54.66	116807	291699
2015-02-12	57.05	16211	371561
2015-02-13	61.52	348801	180131
2015-02-16	61.4	171270	120463
2015-02-17	62.53	277965	140830
2015-02-18	60.53	224099	95100
2015-02-19	60.21	303861	142631
2015-02-20	60.22	221755	125659
2015-02-23	58.9	268638	145660
2015-02-24	58.66	245522	135743
2015-02-25	61.63	279648	133814
2015-02-26	60.05	261445	135915
2015-02-27	62.58	255020	145228
2015-03-02	59.54	286074	173291
2015-03-03	61.02	281782	167299
2015-03-04	60.55	260537	162982
2015-03-05	60.48	215120	177542
2015-03-06	59.73	181482	160563
2015-03-09	58.53	194778	194228
2015-03-10	56.39	191782	197285
2015-03-11	57.54	176057	228623
2015-03-12	57.08	129734	270011
2015-03-13	54.67	84085	276362
2015-03-16	53.44	15638	283903
2015-03-17	53.51	240285	169324
2015-03-18	55.91	262440	157062
2015-03-19	54.43	209646	117690
2015-03-20	55.32	186667	111107
2015-03-23	55.92	191637	149714
2015-03-24	55.11	197476	117364
2015-03-25	56.48	256043	160104
2015-03-26	59.19	334870	225149
2015-03-27	56.41	223862	145151
2015-03-30	56.29	220109	133782
2015-03-31	55.11	238494	161563
2015-04-01	57.1	256904	203788
2015-04-02	54.95	288965	187638
2015-04-06	58.12	126804	90386
2015-04-07	59.1	236714	222597
2015-04-08	55.55	250564	268733
2015-04-09	56.57	174812	214867
2015-04-10	57.87	137659	206752
2015-04-13	57.93	119317	248544
2015-04-14	58.43	106803	296470
2015-04-15	60.32	21182	344269
2015-04-16	63.98	293485	118449
2015-04-17	63.45	220117	101016
2015-04-20	63.45	239802	90610
2015-04-21	62.08	218306	87067
2015-04-22	62.73	230058	89732
2015-04-23	64.85	326736	150617
2015-04-24	65.28	259489	128838
2015-04-27	64.83	189765	108441
2015-04-28	64.64	196461	93387
2015-04-29	65.84	238435	109670
2015-04-30	66.78	223481	120188
2015-05-01	66.46	189316	117793
2015-05-04	66.45	120212	63830
2015-05-05	67.52	255639	149248
2015-05-06	67.77	296738	182444
2015-05-07	65.54	292892	215495
2015-05-08	65.39	248593	194398
2015-05-11	64.91	202511	192324
2015-05-12	66.86	183265	296214
2015-05-13	66.81	120834	315582
2015-05-14	66.59	23192	247258
2015-05-15	66.81	206137	73688
2015-05-18	66.27	198219	86935
2015-05-19	64.02	253354	104255
2015-05-20	65.03	210395	77577
2015-05-21	66.54	250909	127899
2015-05-22	65.37	184554	89001
2015-05-25	65.52	41140	9446
2015-05-26	63.72	224131	96523
2015-05-27	62.06	257061	114968
2015-05-28	62.58	238590	106483
2015-05-29	65.56	278461	140491
2015-06-01	64.88	217982	133238
2015-06-02	65.49	245909	169533
2015-06-03	63.8	262656	193201
2015-06-04	62.03	235207	175573
2015-06-05	63.31	248872	161461
2015-06-08	62.69	205404	208398
2015-06-09	64.88	223355	237039
2015-06-10	65.7	210396	235649
2015-06-11	65.11	113456	193362
2015-06-12	63.87	101413	225877
2015-06-15	62.61	26681	307454
2015-06-16	63.7	279742	164249
2015-06-17	63.87	331877	178703
2015-06-18	64.26	217210	133455
2015-06-19	63.02	216169	116887
2015-06-22	63.34	216386	119614
2015-06-23	64.45	266021	136352
2015-06-24	63.49	256385	140376
2015-06-25	63.2	213751	130588
2015-06-26	63.26	212119	113379
2015-06-29	62.01	266549	154221
2015-06-30	63.59	256884	171974
2015-07-01	62.01	266621	200673
2015-07-02	62.07	206002	149013
2015-07-03	60.32	107245	63795
2015-07-06	56.54	294894	172227
2015-07-07	56.85	331586	230109
2015-07-08	57.05	301107	264126
2015-07-09	58.61	277592	264472
2015-07-10	58.73	154371	197344
2015-07-13	57.85	176870	216365
2015-07-14	58.51	143123	330179
2015-07-15	57.05	79694	274669
2015-07-16	57.51	14289	246843
2015-07-17	57.1	157126	53057
2015-07-20	56.65	161060	62425
2015-07-21	57.04	188877	84322
2015-07-22	56.13	221457	105900
2015-07-23	55.27	207129	92253
2015-07-24	54.62	195038	101459
2015-07-27	53.47	226373	128183
2015-07-28	53.3	290602	156721
2015-07-29	53.38	290427	171522
2015-07-30	53.31	217285	125935
2015-07-31	52.21	212823	121507
2015-08-03	49.52	306500	180655
2015-08-04	49.99	221652	150000
2015-08-05	49.59	280763	181691
2015-08-06	49.52	236356	176252
2015-08-07	48.61	245821	191261
2015-08-10	50.41	208257	182847
2015-08-11	49.18	223213	225226
2015-08-12	49.66	153807	264689
2015-08-13	49.22	115920	309380
2015-08-14	49.03	21365	286658
2015-08-17	48.74	195605	68465
2015-08-18	48.81	191533	82412
2015-08-19	47.16	250806	87811
2015-08-20	46.62	221543	84642
2015-08-21	45.46	231795	94546
2015-08-24	42.69	305733	111843
2015-08-25	43.21	292102	137196
2015-08-26	43.14	267561	126114
2015-08-27	47.56	333701	136397
2015-08-28	50.05	418778	154812
2015-08-31	54.15	321317	111470
2015-09-01	49.56	373639	161343
2015-09-02	50.5	324837	154918
2015-09-03	50.68	270544	157986
2015-09-04	49.61	221220	145071
2015-09-07	47.63	94800	75616
2015-09-08	49.52	253288	225772
2015-09-09	47.58	173222	170398
2015-09-10	48.89	192415	191993
2015-09-11	48.14	143408	248660
2015-09-14	46.37	104057	250979
2015-09-15	46.63	18462	268720
2015-09-16	49.75	288333	210551
2015-09-17	49.08	228857	162707
2015-09-18	47.47	225724	136214
2015-09-21	48.92	179898	112311
2015-09-22	49.08	185413	114219
2015-09-23	47.75	232269	149391
2015-09-24	48.17	198036	139411
2015-09-25	48.6	189403	116545
2015-09-28	47.34	188283	124809
2015-09-29	48.23	181413	123699
2015-09-30	48.37	219886	164061
2015-10-01	47.69	239316	151227
2015-10-02	48.13	201586	159034
2015-10-05	49.25	215447	190591
2015-10-06	51.92	303579	279671
2015-10-07	51.33	299914	323992
2015-10-08	53.05	219938	256717
2015-10-09	52.65	174338	256528
2015-10-12	49.86	166832	282586
2015-10-13	49.24	108370	338728
2015-10-14	49.15	63280	253545
2015-10-15	48.71	16785	321415
2015-10-16	50.46	225956	103747
2015-10-19	48.61	223306	88361
2015-10-20	48.71	253325	119531
2015-10-21	47.85	244638	102995
2015-10-22	48.08	201591	88713
2015-10-23	47.99	242056	105264
2015-10-26	47.54	193978	88809
2015-10-27	46.81	243114	89623
2015-10-28	49.05	306597	127630
2015-10-29	48.8	213925	84218
2015-10-30	49.56	238590	120394
2015-11-02	48.79	224283	139147
2015-11-03	50.54	283357	165568
2015-11-04	48.58	328135	204520
2015-11-05	47.98	227998	154892
2015-11-06	47.42	245485	218226
2015-11-09	47.19	202178	197570
2015-11-10	47.44	206340	246321
2015-11-11	45.81	193335	325820
2015-11-12	44.06	132491	363154
2015-11-13	43.61	28631	303947
2015-11-16	44.56	310123	141678
2015-11-17	43.57	260695	120290
2015-11-18	44.14	255682	109610
2015-11-19	44.18	201033	97553
2015-11-20	44.66	245339	121857
2015-11-23	44.83	290998	108535
2015-11-24	46.12	271930	122457
2015-11-25	46.17	229114	108227
2015-11-26	45.46	97318	37540
2015-11-27	44.86	165308	82761
2015-11-30	44.61	235944	122957
2015-12-01	44.44	301200	177602
2015-12-02	42.49	324059	178427
2015-12-03	43.84	271482	160262
2015-12-04	43	345828	208202
2015-12-07	40.73	272442	205298
2015-12-08	40.26	328376	250656
2015-12-09	40.11	284646	267927
2015-12-10	39.73	188988	230531
2015-12-11	37.93	167311	281105
2015-12-14	37.92	115119	290180
2015-12-15	38.45	73703	323789
2015-12-16	37.19	18232	297915
2015-12-17	37.06	200845	103248
2015-12-18	36.88	218042	86429
2015-12-21	36.35	175115	85935
2015-12-22	36.11	166304	92272
2015-12-23	37.36	196978	113657
2015-12-24	37.89	111015	46498
2015-12-28	36.62	84344	33597
2015-12-29	37.79	171677	97073
2015-12-30	36.46	173512	112052
2015-12-31	37.28	149598	78612
2016-01-04	37.22	321841	217739
2016-01-05	36.42	275471	223017
2016-01-06	34.23	296862	257591
2016-01-07	33.75	291511	265450
2016-01-08	33.55	206974	243815
2016-01-11	31.55	202062	258868
2016-01-12	30.86	142525	389164
2016-01-13	30.31	91957	472154
2016-01-14	31.03	16390	409375
2016-01-15	28.94	344461	185904
2016-01-18	28.55	211256	116488
2016-01-19	28.76	419479	267898
2016-01-20	27.88	375397	239406
2016-01-21	29.25	394256	277913
2016-01-22	32.18	407784	336267
2016-01-25	30.5	310139	284431
2016-01-26	31.8	335094	296405
2016-01-27	33.1	257108	339911
2016-01-28	33.89	195144	533487
2016-01-29	34.74	29658	415849
2016-02-01	34.24	331872	150695
2016-02-02	32.72	346885	163847
2016-02-03	35.04	396576	156827
2016-02-04	34.46	323933	135398
2016-02-05	34.06	296567	136275
2016-02-08	32.88	211549	99647
2016-02-09	30.32	305766	126257
2016-02-10	30.84	332987	147253
2016-02-11	30.06	347586	156192
2016-02-12	33.36	394479	184931
2016-02-15	33.39	160505	82812
2016-02-16	32.18	398492	195731
2016-02-17	34.5	355922	176548
2016-02-18	34.28	324096	189465
2016-02-19	33.01	287089	180208
2016-02-22	34.69	233332	150286
2016-02-23	33.27	348078	273730
2016-02-24	34.41	344004	259300
2016-02-25	35.29	210573	313634
2016-02-26	35.1	126420	367393
2016-02-29	35.97	30235	310672
2016-03-01	36.81	276263	144156
2016-03-02	36.93	278167	139114
2016-03-03	37.07	256490	161872
2016-03-04	38.72	295792	142255
2016-03-07	40.84	341913	162894
2016-03-08	39.65	352250	199170
2016-03-09	41.07	333486	228104
2016-03-10	40.05	287782	177176
2016-03-11	40.39	276648	181324
2016-03-14	39.53	264706	168779
2016-03-15	38.74	224361	132575
2016-03-16	40.33	263872	201672
2016-03-17	41.54	249228	175910
2016-03-18	41.2	286653	234236
2016-03-21	41.54	234102	176692
2016-03-22	41.79	268210	250947
2016-03-23	40.47	240906	207791
2016-03-24	40.44	203276	194283
2016-03-28	40.27	78614	76764
2016-03-29	39.14	149529	260397
2016-03-30	39.26	103118	296150
2016-03-31	39.6	27797	304367
2016-04-01	38.67	286168	109246
2016-04-04	37.69	286653	152293
2016-04-05	37.87	296446	174703
2016-04-06	39.84	323374	145787
2016-04-07	39.43	308721	167621
2016-04-08	41.94	340222	159496
2016-04-11	42.83	279920	139339
2016-04-12	44.69	357354	170179
2016-04-13	44.18	348587	184776
2016-04-14	43.84	234367	124594
2016-04-15	43.1	285166	166401
2016-04-18	42.91	383372	204871
2016-04-19	44.03	355947	245144
2016-04-20	45.8	297260	176378
2016-04-21	44.53	312602	208109
2016-04-22	45.11	272848	230619
2016-04-25	44.48	211675	176210
2016-04-26	45.74	199235	174906
2016-04-27	47.18	150793	288965
2016-04-28	48.14	113083	274447
2016-04-29	48.13	29515	297848
2016-05-02	45.83	168090	43842
2016-05-03	44.97	276403	94811
2016-05-04	44.62	293821	116866
2016-05-05	45.01	280794	98909
2016-05-06	45.37	283651	123532
2016-05-09	43.63	364584	180649
2016-05-10	45.52	343209	169605
2016-05-11	47.6	381737	179718
2016-05-12	48.08	353848	195473
2016-05-13	47.83	239047	110393
2016-05-16	48.97	294377	194185
2016-05-17	49.28	262324	153182
2016-05-18	48.93	319810	191820
2016-05-19	48.81	302095	163710
2016-05-20	48.72	255583	156511
2016-05-23	48.35	225090	154800
2016-05-24	48.61	211583	161440
2016-05-25	49.74	237787	195051
2016-05-26	49.59	221255	266540
2016-05-27	49.32	130178	228657
2016-05-30	49.76	23093	58249
2016-05-31	49.69	28690	229126
2016-06-01	49.72	265995	98501
2016-06-02	50.04	270116	113598
2016-06-03	49.64	227821	91363
2016-06-06	50.55	223756	109932
2016-06-07	51.44	208823	101639
2016-06-08	52.51	260745	120146
2016-06-09	51.95	213124	115213
2016-06-10	50.54	210059	98368
2016-06-13	50.35	208806	106656
2016-06-14	49.83	224005	128975
2016-06-15	48.97	298839	171482
2016-06-16	47.19	287302	151611
2016-06-17	49.17	222734	119980
2016-06-20	50.65	244410	157169
2016-06-21	50.62	256951	177566
2016-06-22	49.88	282721	224174
2016-06-23	50.91	246953	207608
2016-06-24	48.41	351742	283840
2016-06-27	47.16	243264	230404
2016-06-28	48.58	173176	299226
2016-06-29	50.61	112964	317841
2016-06-30	49.68	25406	309512
2016-07-01	50.35	248693	112379
2016-07-04	50.1	113446	49060
2016-07-05	47.96	305737	134216
2016-07-06	48.8	279124	135213
2016-07-07	46.4	328097	119347
2016-07-08	46.76	237284	115102
2016-07-11	46.25	229276	125122
2016-07-12	48.47	321525	169283
2016-07-13	46.26	299796	138626
2016-07-14	47.37	289398	174858
2016-07-15	47.61	260430	152734
2016-07-18	46.96	230495	127430
2016-07-19	46.66	214363	128114
2016-07-20	47.17	296296	189047
2016-07-21	46.2	237479	176763
2016-07-22	45.69	243489	192591
2016-07-25	44.72	188805	143156
2016-07-26	44.87	240329	213119
2016-07-27	43.47	194572	349557
2016-07-28	42.7	110094	336668
2016-07-29	42.46	21544	286584
2016-08-01	42.14	234773	88362
2016-08-02	41.8	262560	81450
2016-08-03	43.1	320440	124337
2016-08-04	44.29	276418	111020
2016-08-05	44.27	236874	104082
2016-08-08	45.39	221513	93947
2016-08-09	44.98	216218	101711
2016-08-10	44.05	284858	118302
2016-08-11	46.04	335527	151683
2016-08-12	46.97	258003	108560
2016-08-15	48.35	234398	89434
2016-08-16	49.23	331860	191034
2016-08-17	49.85	377399	226900
2016-08-18	50.89	268834	159302
2016-08-19	50.88	252338	138485
2016-08-22	49.16	270367	181333
2016-08-23	49.96	314178	223793
2016-08-24	49.05	280915	218501
2016-08-25	49.67	217126	192513
2016-08-26	49.92	209621	187835
2016-08-29	49.26	65667	112615
2016-08-30	48.37	124524	300287
2016-08-31	47.04	20606	295265
2016-09-01	45.45	290044	179526
2016-09-02	46.83	279344	153072
2016-09-05	47.63	287952	157787
2016-09-06	47.26	215064	106029
2016-09-07	47.98	224227	122086
2016-09-08	49.99	327242	229382
2016-09-09	48.01	262147	176254
2016-09-12	48.32	258760	154029
2016-09-13	47.1	280023	184070
2016-09-14	45.85	332961	218880
2016-09-15	46.59	320720	244273
2016-09-16	45.77	226321	161929
2016-09-19	45.95	209911	152769
2016-09-20	45.88	298796	230967
2016-09-21	46.83	249080	211835
2016-09-22	47.65	290326	300638
2016-09-23	45.89	306857	309962
2016-09-26	47.35	208153	236073
2016-09-27	45.97	241177	317115
2016-09-28	48.69	188670	602694
2016-09-29	49.24	114831	440095
2016-09-30	49.06	26942	307875
2016-10-03	50.89	284259	98940
2016-10-04	50.87	269265	86739
2016-10-05	51.86	302091	116861
2016-10-06	52.51	293868	117460
2016-10-07	51.93	310018	128627
2016-10-10	53.14	334274	153510
2016-10-11	52.41	373849	191470
2016-10-12	51.81	254729	117772
2016-10-13	52.03	310648	139873
2016-10-14	51.95	248439	138187
2016-10-17	51.52	247028	139508
2016-10-18	51.68	274173	186782
2016-10-19	52.67	292949	173205
2016-10-20	51.38	279308	208966
2016-10-21	51.78	249161	191841
2016-10-24	51.46	277239	219038
2016-10-25	50.79	237734	215666
2016-10-26	49.98	304515	311886
2016-10-27	50.47	138087	292795
2016-10-28	49.71	94844	268414
2016-10-31	48.3	32214	356579
2016-11-01	48.14	462804	214574
2016-11-02	46.86	366824	157283
2016-11-03	46.35	283660	117808
2016-11-04	45.58	384560	187579
2016-11-07	46.15	276169	146345
2016-11-08	46.04	320983	172632
2016-11-09	46.36	448124	238637
2016-11-10	45.84	302446	165648
2016-11-11	44.75	286705	144261
2016-11-14	44.43	260146	132511
2016-11-15	46.95	354268	223381
2016-11-16	46.63	335482	202829
2016-11-17	46.49	280944	189232
2016-11-18	46.86	249336	143278
2016-11-21	48.9	282704	183801
2016-11-22	49.12	436934	315673
2016-11-23	48.95	275288	244694
2016-11-24	49	71185	63606
2016-11-25	47.24	181171	172828
2016-11-28	48.24	207955	374366
2016-11-29	46.38	133105	407079
2016-11-30	50.47	43117	782952
2016-12-01	53.94	460862	240690
2016-12-02	54.46	312780	132026
2016-12-05	54.94	288551	138967
2016-12-06	53.93	280650	150243
2016-12-07	53	298565	191516
2016-12-08	53.89	334183	215039
2016-12-09	54.33	264797	173033
2016-12-12	55.69	372173	209620
2016-12-13	55.72	283432	217002
2016-12-14	53.9	353966	202836
2016-12-15	54.02	266152	169354
2016-12-16	55.21	229187	161738
2016-12-19	54.92	228387	178038
2016-12-20	55.35	257022	216588
2016-12-21	54.46	277727	263497
2016-12-22	55.05	194658	164262
2016-12-23	55.16	104088	103016
2016-12-27	56.09	67836	109586
2016-12-28	56.22	109907	208329
2016-12-29	56.14	49076	229913
2016-12-30	56.82	129096	42092
2017-01-03	55.47	340817	129761
2017-01-04	56.46	282545	103517
2017-01-05	56.89	269612	121353
2017-01-06	57.1	234870	98075
2017-01-09	54.94	266387	122634
2017-01-10	53.64	332978	183019
2017-01-11	55.1	419902	202805
2017-01-12	56.01	331632	189296
2017-01-13	55.45	247086	121643
2017-01-16	55.86	112583	63425
2017-01-17	55.47	335727	207021
2017-01-18	53.92	360148	215454
2017-01-19	54.16	346867	243799
2017-01-20	55.49	293535	189006
2017-01-23	55.23	305849	215101
2017-01-24	55.44	254893	233418
2017-01-25	55.08	275730	278658
2017-01-26	56.24	265715	299608
2017-01-27	55.52	142066	263143
2017-01-30	55.23	104897	272301
2017-01-31	55.7	28804	363170
2017-02-01	56.8	301235	124844
2017-02-02	56.56	297350	142114
2017-02-03	56.81	264757	143966
2017-02-06	55.72	252700	141240
2017-02-07	55.05	317181	169093
2017-02-08	55.12	409826	264084
2017-02-09	55.63	263404	167753
2017-02-10	56.7	284708	157392
2017-02-13	55.59	234314	122421
2017-02-14	55.97	254982	164001
2017-02-15	55.75	272519	189957
2017-02-16	55.65	310843	182549
2017-02-17	55.81	270492	210324
2017-02-20	56.18	209626	174916
2017-02-21	56.66	335443	365653
2017-02-22	55.84	245156	262685
2017-02-23	56.58	223585	246909
2017-02-24	55.99	164961	330680
2017-02-27	55.93	139288	311469
2017-02-28	55.59	28347	394147
2017-03-01	56.36	261742	163609
2017-03-02	55.08	350118	256530
2017-03-03	55.9	248708	174204
2017-03-06	56.01	224195	140233
2017-03-07	55.92	269515	169422
2017-03-08	53.11	444133	269411
2017-03-09	52.19	504122	302513
2017-03-10	51.37	351344	196716
2017-03-13	51.35	276760	161487
2017-03-14	50.92	411631	273015
2017-03-15	51.81	327902	233815
2017-03-16	51.74	281525	229419
2017-03-17	51.76	220349	198396
2017-03-20	51.62	239247	186846
2017-03-21	50.96	291705	234435
2017-03-22	50.64	327912	300026
2017-03-23	50.56	320211	348040
2017-03-24	50.8	215340	264097
2017-03-27	50.75	195521	236775
2017-03-28	51.33	186414	293774
2017-03-29	52.42	140442	345028
2017-03-30	52.96	128549	439028
2017-03-31	52.83	27461	388846
2017-04-03	53.12	241746	102515
2017-04-04	54.17	302109	129496
2017-04-05	54.36	353017	150238
2017-04-06	54.89	239472	112490
2017-04-07	55.24	317775	120061
2017-04-10	55.98	298898	164769
2017-04-11	56.23	340419	192002
2017-04-12	55.86	373526	233853
2017-04-13	55.89	325309	228582
2017-04-17	55.36	158972	98283
2017-04-18	54.89	373099	254009
2017-04-19	52.93	435407	274127
2017-04-20	52.99	401851	338773
2017-04-21	51.96	348477	324095
2017-04-24	51.6	267284	272234
2017-04-25	52.1	272756	322573
2017-04-26	51.82	206557	421762
2017-04-27	51.44	187128	538784
2017-04-28	51.73	23204	352782
2017-05-01	51.52	121525	36224
2017-05-02	50.46	364060	155142
2017-05-03	50.79	357189	171465
2017-05-04	48.38	541579	258556
2017-05-05	49.1	530438	261530
2017-05-08	49.34	400718	202488
2017-05-09	48.73	332913	172170
2017-05-10	50.22	368112	182898
2017-05-11	50.77	315588	172522
2017-05-12	50.84	304757	178845
2017-05-15	51.82	331418	180638
2017-05-16	51.65	340962	222890
2017-05-17	52.21	331361	182193
2017-05-18	52.51	363694	205226
2017-05-19	53.61	333274	225990
2017-05-22	53.87	379122	315908
2017-05-23	54.15	328325	293401
2017-05-24	53.96	351635	293521
2017-05-25	51.46	464495	393667
2017-05-26	52.15	265833	341994
2017-05-29	52.29	36592	59570
2017-05-30	51.84	137207	370004
2017-05-31	50.31	41681	514958
2017-06-01	50.63	462917	249590
2017-06-02	49.95	451455	254769
2017-06-05	49.47	348409	214813
2017-06-06	50.12	329713	209921
2017-06-07	48.06	461745	251558
2017-06-08	47.86	445968	319750
2017-06-09	48.15	285815	183062
2017-06-12	48.29	316560	205897
2017-06-13	48.72	321281	220786
2017-06-14	47	464423	309617
2017-06-15	46.92	301404	249040
2017-06-16	47.37	227424	164951
2017-06-19	46.91	261488	197661
2017-06-20	46.02	343458	248470
2017-06-21	44.82	389712	290274
2017-06-22	45.22	346755	314719
2017-06-23	45.54	252259	242598
2017-06-26	45.83	203221	211491
2017-06-27	46.65	263256	311308
2017-06-28	47.31	162581	338400
2017-06-29	47.42	179560	401760
2017-06-30	47.92	26181	308192
2017-07-03	49.68	244518	95299
2017-07-04	49.61	129566	66732
2017-07-05	47.79	372984	144772
2017-07-06	48.11	308255	120248
2017-07-07	46.71	302323	101626
2017-07-10	46.88	268902	129978
2017-07-11	47.52	283386	133019
2017-07-12	47.74	333698	152241
2017-07-13	48.42	262631	143032
2017-07-14	48.91	295663	177041
2017-07-17	48.42	227420	149977
2017-07-18	48.84	251496	150833
2017-07-19	49.7	300371	178459
2017-07-20	49.3	315337	198410
2017-07-21	48.06	338354	229669
2017-07-24	48.6	287928	229067
2017-07-25	50.2	284288	252859
2017-07-26	50.97	258949	295738
2017-07-27	51.49	184427	308648
2017-07-28	52.52	159148	410846
2017-07-31	52.65	25540	376748
2017-08-01	51.78	392641	223969
2017-08-02	52.36	406415	249252
2017-08-03	52.01	402658	273921
2017-08-04	52.42	278784	153586
2017-08-07	52.37	260937	141049
2017-08-08	52.14	235160	98376
2017-08-09	52.7	265606	162645
2017-08-10	51.9	450278	285830
2017-08-11	52.1	245314	130261
2017-08-14	50.73	281573	153851
2017-08-15	50.8	334161	212322
2017-08-16	50.27	305551	204425
2017-08-17	51.03	334304	231594
2017-08-18	52.72	317440	186530
2017-08-21	51.66	271574	172771
2017-08-22	51.87	313918	221021
2017-08-23	52.57	287199	237015
2017-08-24	52.04	255763	252425
2017-08-25	52.41	218089	237598
2017-08-28	51.89	141582	207893
2017-08-29	52	139974	299417
2017-08-30	50.86	152585	437318
2017-08-31	52.38	33499	462166
2017-09-01	52.75	262197	188988
2017-09-04	52.34	121539	87648
2017-09-05	53.38	300776	210933
2017-09-06	54.2	322595	278900
2017-09-07	54.49	306718	259798
2017-09-08	53.78	307449	280010
2017-09-11	53.84	276434	218530
2017-09-12	54.27	279336	256354
2017-09-13	55.16	291472	292198
2017-09-14	55.47	327352	340291
2017-09-15	55.62	271070	279432
2017-09-18	55.48	278120	286385
2017-09-19	55.14	221760	247219
2017-09-20	56.29	295650	319991
2017-09-21	56.43	251616	324272
2017-09-22	56.86	208360	289046
2017-09-25	59.02	224939	373286
2017-09-26	58.44	214727	452774
2017-09-27	57.9	142870	405232
2017-09-28	57.41	117888	446370
2017-09-29	57.54	24020	343513
2017-10-02	56.12	352045	133099
2017-10-03	56	275423	123987
2017-10-04	55.8	330854	143947
2017-10-05	57	379302	194956
2017-10-06	55.62	395647	160079
2017-10-09	55.79	301152	152957
2017-10-10	56.61	290341	154333
2017-10-11	56.94	310139	196801
2017-10-12	56.25	339530	202072
2017-10-13	57.17	332597	179395
2017-10-16	57.82	341777	195062
2017-10-17	57.88	405217	258785
2017-10-18	58.15	329325	237261
2017-10-19	57.23	430668	302497
2017-10-20	57.75	369888	236609
2017-10-23	57.37	353071	298759
2017-10-24	58.33	334681	314674
2017-10-25	58.44	260548	258536
2017-10-26	59.3	232283	236037
2017-10-27	60.44	209886	332438
2017-10-30	60.9	168541	331677
2017-10-31	61.37	29115	311141
2017-11-01	60.49	337761	134851
2017-11-02	60.62	289300	128375
2017-11-03	62.07	272739	123393
2017-11-06	64.27	356994	166971
2017-11-07	63.69	389455	226396
2017-11-08	63.49	418072	236850
2017-11-09	63.93	319856	184383
2017-11-10	63.52	307965	190659
2017-11-13	63.16	335154	251290
2017-11-14	62.21	418939	264860
2017-11-15	61.87	279411	192378
2017-11-16	61.36	314062	214034
2017-11-17	62.72	356735	239756
2017-11-20	62.22	283479	173699
2017-11-21	62.57	338157	260460
2017-11-22	63.32	322870	247809
2017-11-23	63.55	113080	87730
2017-11-24	63.86	152696	150534
2017-11-27	63.84	249086	265922
2017-11-28	63.61	186934	300440
2017-11-29	63.11	178202	441956
2017-11-30	63.57	26207	416613
2017-12-01	63.73	308154	128798
2017-12-04	62.45	250521	133942
2017-12-05	62.86	219338	108402
2017-12-06	61.22	314261	167502
2017-12-07	62.2	238964	145905
2017-12-08	63.4	362429	211235
2017-12-11	64.69	488007	415478
2017-12-12	63.34	508993	386695
2017-12-13	62.44	354367	258138
2017-12-14	63.31	277672	194032
2017-12-15	63.23	212995	151530
2017-12-18	63.41	234617	192336
2017-12-19	63.8	213190	210345
2017-12-20	64.56	222727	204160
2017-12-21	64.9	155417	165044
2017-12-22	65.25	110419	130895
2017-12-26	67.02	74246	126506
2017-12-27	66.44	122431	228212
2017-12-28	66.72	35088	183704
2017-12-29	66.87	157948	56185
2018-01-02	66.57	211739	91765
2018-01-03	67.84	260862	134074
2018-01-04	68.07	246148	132396
2018-01-05	67.62	183452	100437
2018-01-08	67.78	210348	131209
2018-01-09	68.82	319922	166967
2018-01-10	69.2	290542	174752
2018-01-11	69.26	341936	204452
2018-01-12	69.87	302098	174507
2018-01-15	70.26	173464	99486
2018-01-16	69.15	322952	223924
2018-01-17	69.38	280419	182822
2018-01-18	69.31	270231	204245
2018-01-19	68.57	14861	4010
